<root>
	<node>
		<identifier>	Scene Root	</identifier>
		<transform>
			<row0>	1.000000 0.000000 0.000000	</row0>
			<row1>	0.000000 1.000000 0.000000	</row1>
			<row2>	0.000000 0.000000 1.000000	</row2>
			<row3>	0.000000 0.000000 0.000000	</row3>
		</transform>
		<node>
			<identifier>	HP_root	</identifier>
			<transform>
				<row0>	1.000000 0.000000 0.000000	</row0>
				<row1>	0.000000 1.000000 -0.000000	</row1>
				<row2>	0.000000 -0.000000 1.000000	</row2>
				<row3>	0.000000 0.000000 0.000000	</row3>
			</transform>
			<node>
				<identifier>	HP_head1	</identifier>
				<transform>
					<row0>	1.000000 0.000001 -0.000001	</row0>
					<row1>	-0.000001 0.954839 0.297125	</row1>
					<row2>	0.000001 -0.297124 0.954839	</row2>
					<row3>	-0.000000 1.712474 0.022663	</row3>
				</transform>
			</node>
			<node>
				<identifier>	biped	</identifier>
				<transform>
					<row0>	-0.000002 0.000000 1.000000	</row0>
					<row1>	-0.000000 1.000000 0.000000	</row1>
					<row2>	-1.000000 0.000000 -0.000001	</row2>
					<row3>	-0.000000 1.016986 0.012863	</row3>
				</transform>
				<node>
					<identifier>	biped Pelvis	</identifier>
					<transform>
						<row0>	0.000000 1.000000 -0.000001	</row0>
						<row1>	-0.000001 0.000001 1.000000	</row1>
						<row2>	1.000000 0.000000 0.000001	</row2>
						<row3>	0.000000 0.000000 0.000000	</row3>
					</transform>
					<node>
						<identifier>	biped Spine	</identifier>
						<transform>
							<row0>	0.999999 0.000001 -0.001107	</row0>
							<row1>	-0.000001 1.000000 0.000004	</row1>
							<row2>	0.001107 -0.000004 0.999999	</row2>
							<row3>	0.094145 0.000000 0.033290	</row3>
						</transform>
						<node>
							<identifier>	biped Spine1	</identifier>
							<transform>
								<row0>	0.999954 -0.000000 -0.009580	</row0>
								<row1>	0.000000 1.000000 -0.000000	</row1>
								<row2>	0.009580 0.000000 0.999954	</row2>
								<row3>	0.068614 -0.000000 -0.000054	</row3>
							</transform>
							<node>
								<identifier>	biped Spine2	</identifier>
								<transform>
									<row0>	0.978525 -0.000001 -0.206130	</row0>
									<row1>	0.000001 1.000000 -0.000000	</row1>
									<row2>	0.206130 -0.000000 0.978525	</row2>
									<row3>	0.067270 -0.000000 -0.000151	</row3>
								</transform>
								<node>
									<identifier>	biped Neck	</identifier>
									<transform>
										<row0>	0.906888 0.000001 0.421372	</row0>
										<row1>	-0.000001 1.000000 -0.000000	</row1>
										<row2>	-0.421372 -0.000000 0.906888	</row2>
										<row3>	0.198495 -0.000000 -0.024997	</row3>
									</transform>
									<node>
										<identifier>	biped L Clavicle	</identifier>
										<transform>
											<row0>	-0.291759 0.946797 0.135841	</row0>
											<row1>	0.858320 0.321832 -0.399638	</row1>
											<row2>	-0.422094 -0.000003 -0.906552	</row2>
											<row3>	-0.024065 0.030504 0.006563	</row3>
										</transform>
										<node>
											<identifier>	biped L UpperArm	</identifier>
											<transform>
												<row0>	0.859809 -0.465919 0.208920	</row0>
												<row1>	0.383083 0.859115 0.339364	</row1>
												<row2>	-0.337602 -0.211755 0.917161	</row2>
												<row3>	0.067536 0.000000 0.000000	</row3>
											</transform>
											<node>
												<identifier>	biped L Forearm	</identifier>
												<transform>
													<row0>	0.934267 -0.000000 -0.356575	</row0>
													<row1>	0.000000 1.000000 -0.000000	</row1>
													<row2>	0.356575 -0.000000 0.934267	</row2>
													<row3>	0.239504 0.000000 0.000000	</row3>
												</transform>
												<node>
													<identifier>	biped L Hand	</identifier>
													<transform>
														<row0>	0.967920 -0.148270 0.202847	</row0>
														<row1>	-0.132520 0.384651 0.913500	</row1>
														<row2>	-0.213470 -0.911076 0.352663	</row2>
														<row3>	0.200543 0.000000 0.000000	</row3>
													</transform>
													<node>
														<identifier>	biped L Finger0	</identifier>
														<transform>
															<row0>	0.885145 -0.336245 0.321648	</row0>
															<row1>	0.347634 0.018376 -0.937450	</row1>
															<row2>	0.309302 0.941595 0.133156	</row2>
															<row3>	0.017381 -0.025010 0.010529	</row3>
														</transform>
														<node>
															<identifier>	biped L Finger01	</identifier>
															<transform>
																<row0>	0.968747 0.000000 0.248052	</row0>
																<row1>	0.000000 1.000000 0.000000	</row1>
																<row2>	-0.248052 -0.000000 0.968747	</row2>
																<row3>	0.031597 0.000000 0.000000	</row3>
															</transform>
															<node>
																<identifier>	biped L Finger02	</identifier>
																<transform>
																	<row0>	0.974918 -0.000000 0.222562	</row0>
																	<row1>	0.000000 1.000000 0.000000	</row1>
																	<row2>	-0.222563 0.000000 0.974919	</row2>
																	<row3>	0.024195 0.000000 -0.000000	</row3>
																</transform>
																<node>
																	<identifier>	biped L Finger02BlendBonehand	</identifier>
																	<transform>
																		<row0>	-0.300772 -0.953322 0.026693	</row0>
																		<row1>	-0.952385 0.298774 -0.060796	</row1>
																		<row2>	0.049983 -0.043707 -0.997793	</row2>
																		<row3>	0.847977 -0.707404 0.150177	</row3>
																	</transform>
																</node>
															</node>
															<node>
																<identifier>	biped L Finger01BlendBonehand	</identifier>
																<transform>
																	<row0>	-0.299169 -0.953322 -0.040917	</row0>
																	<row1>	-0.914967 0.298774 -0.271236	</row1>
																	<row2>	0.270801 -0.043707 -0.961643	</row2>
																	<row3>	0.817479 -0.707404 0.335138	</row3>
																</transform>
															</node>
														</node>
														<node>
															<identifier>	biped L Finger0BlendBonehand	</identifier>
															<transform>
																<row0>	-0.279669 -0.953322 -0.113848	</row0>
																<row1>	-0.819091 0.298774 -0.489718	</row1>
																<row2>	0.500874 -0.043707 -0.864416	</row2>
																<row3>	0.740396 -0.707404 0.527441	</row3>
															</transform>
														</node>
													</node>
													<node>
														<identifier>	biped L Finger1	</identifier>
														<transform>
															<row0>	0.982109 -0.058029 0.179147	</row0>
															<row1>	0.081764 0.988387 -0.128084	</row1>
															<row2>	-0.169634 0.140440 0.975449	</row2>
															<row3>	0.076719 -0.023320 -0.003928	</row3>
														</transform>
														<node>
															<identifier>	biped L Finger11	</identifier>
															<transform>
																<row0>	0.999415 0.000000 0.034216	</row0>
																<row1>	0.000000 1.000000 -0.000000	</row1>
																<row2>	-0.034216 -0.000000 0.999415	</row2>
																<row3>	0.027386 -0.000000 0.000000	</row3>
															</transform>
															<node>
																<identifier>	biped L Finger12	</identifier>
																<transform>
																	<row0>	0.999642 0.000000 0.026757	</row0>
																	<row1>	-0.000000 1.000000 0.000000	</row1>
																	<row2>	-0.026757 -0.000000 0.999642	</row2>
																	<row3>	0.018402 0.000000 0.000000	</row3>
																</transform>
																<node>
																	<identifier>	biped L Finger12BlendBonehand	</identifier>
																	<transform>
																		<row0>	-0.406308 -0.181544 0.895520	</row0>
																		<row1>	-0.885548 -0.163320 -0.434893	</row1>
																		<row2>	0.225208 -0.969726 -0.094408	</row2>
																		<row3>	0.675508 0.145962 0.867256	</row3>
																	</transform>
																</node>
															</node>
															<node>
																<identifier>	biped L Finger11BlendBonehand	</identifier>
																<transform>
																	<row0>	-0.430124 -0.181544 0.884328	</row0>
																	<row1>	-0.873595 -0.163320 -0.458431	</row1>
																	<row2>	0.227653 -0.969726 -0.088349	</row2>
																	<row3>	0.670464 0.145962 0.885020	</row3>
																</transform>
															</node>
														</node>
														<node>
															<identifier>	biped L Finger1BlendBonehand	</identifier>
															<transform>
																<row0>	-0.460130 -0.181544 0.869093	</row0>
																<row1>	-0.857398 -0.163320 -0.488053	</row1>
																<row2>	0.230543 -0.969726 -0.080508	</row2>
																<row3>	0.667176 0.145962 0.907442	</row3>
															</transform>
														</node>
													</node>
													<node>
														<identifier>	biped L Finger2	</identifier>
														<transform>
															<row0>	0.941397 0.018439 0.336797	</row0>
															<row1>	-0.022408 0.999718 0.007902	</row1>
															<row2>	-0.336557 -0.014986 0.941544	</row2>
															<row3>	0.076066 -0.005543 -0.003245	</row3>
														</transform>
														<node>
															<identifier>	biped L Finger21	</identifier>
															<transform>
																<row0>	0.985649 0.000000 0.168809	</row0>
																<row1>	0.000000 1.000000 0.000000	</row1>
																<row2>	-0.168809 -0.000000 0.985649	</row2>
																<row3>	0.033778 0.000000 0.000000	</row3>
															</transform>
															<node>
																<identifier>	biped L Finger22	</identifier>
																<transform>
																	<row0>	0.998655 -0.000000 0.051851	</row0>
																	<row1>	0.000000 1.000000 0.000000	</row1>
																	<row2>	-0.051851 0.000000 0.998655	</row2>
																	<row3>	0.022132 -0.000000 -0.000000	</row3>
																</transform>
																<node>
																	<identifier>	biped L Finger22BlendBonehand	</identifier>
																	<transform>
																		<row0>	-0.096875 -0.010677 0.995239	</row0>
																		<row1>	-0.981033 -0.167658 -0.097291	</row1>
																		<row2>	0.167898 -0.985788 0.005767	</row2>
																		<row3>	0.909620 0.211425 0.561684	</row3>
																	</transform>
																</node>
															</node>
															<node>
																<identifier>	biped L Finger21BlendBonehand	</identifier>
																<transform>
																	<row0>	-0.148349 -0.010677 0.988877	</row0>
																	<row1>	-0.974668 -0.167658 -0.148028	</row1>
																	<row2>	0.167373 -0.985787 0.014465	</row2>
																	<row3>	0.901405 0.211425 0.608093	</row3>
																</transform>
															</node>
														</node>
														<node>
															<identifier>	biped L Finger2BlendBonehand	</identifier>
															<transform>
																<row0>	-0.313152 -0.010677 0.949643	</row0>
																<row1>	-0.935692 -0.167658 -0.310436	</row1>
																<row2>	0.162529 -0.985787 0.042512	</row2>
																<row3>	0.819596 0.211425 0.751531	</row3>
															</transform>
														</node>
													</node>
													<node>
														<identifier>	biped L Finger3	</identifier>
														<transform>
															<row0>	0.837767 0.117578 0.533218	</row0>
															<row1>	-0.171211 0.983858 0.052052	</row1>
															<row2>	-0.518490 -0.134900 0.844376	</row2>
															<row3>	0.073862 0.009906 -0.003262	</row3>
														</transform>
														<node>
															<identifier>	biped L Finger31	</identifier>
															<transform>
																<row0>	0.975307 0.000000 0.220855	</row0>
																<row1>	0.000000 1.000000 0.000000	</row1>
																<row2>	-0.220855 0.000000 0.975307	</row2>
																<row3>	0.030488 0.000000 0.000000	</row3>
															</transform>
															<node>
																<identifier>	biped L Finger32	</identifier>
																<transform>
																	<row0>	0.992997 -0.000000 0.118139	</row0>
																	<row1>	0.000000 1.000000 0.000000	</row1>
																	<row2>	-0.118139 -0.000000 0.992997	</row2>
																	<row3>	0.019670 0.000000 -0.000000	</row3>
																</transform>
																<node>
																	<identifier>	biped L Finger32BlendBonehand	</identifier>
																	<transform>
																		<row0>	0.238633 0.116015 0.964155	</row0>
																		<row1>	-0.965658 -0.076708 0.248235	</row1>
																		<row2>	0.102757 -0.990281 0.093726	</row2>
																		<row3>	1.056244 0.159467 0.190743	</row3>
																	</transform>
																</node>
															</node>
															<node>
																<identifier>	biped L Finger31BlendBonehand	</identifier>
																<transform>
																	<row0>	0.123057 0.116015 0.985595	</row0>
																	<row1>	-0.988222 -0.076708 0.132414	</row1>
																	<row2>	0.090964 -0.990281 0.105210	</row2>
																	<row3>	1.045983 0.159467 0.314191	</row3>
																</transform>
															</node>
														</node>
														<node>
															<identifier>	biped L Finger3BlendBonehand	</identifier>
															<transform>
																<row0>	-0.097655 0.116015 0.988435	</row0>
																<row1>	-0.993064 -0.076708 -0.089109	</row1>
																<row2>	0.065482 -0.990281 0.122702	</row2>
																<row3>	0.981251 0.159467 0.537443	</row3>
															</transform>
														</node>
													</node>
													<node>
														<identifier>	biped L Finger4	</identifier>
														<transform>
															<row0>	0.781996 0.204593 0.588748	</row0>
															<row1>	-0.284643 0.957562 0.045315	</row1>
															<row2>	-0.554491 -0.203019 0.807046	</row2>
															<row3>	0.068573 0.023734 0.001581	</row3>
														</transform>
														<node>
															<identifier>	biped L Finger41	</identifier>
															<transform>
																<row0>	0.953679 0.000000 0.300827	</row0>
																<row1>	0.000000 1.000000 -0.000000	</row1>
																<row2>	-0.300828 0.000000 0.953679	</row2>
																<row3>	0.024185 -0.000000 -0.000000	</row3>
															</transform>
															<node>
																<identifier>	biped L Finger42	</identifier>
																<transform>
																	<row0>	0.980817 -0.000000 0.194933	</row0>
																	<row1>	-0.000000 1.000000 -0.000000	</row1>
																	<row2>	-0.194934 -0.000000 0.980816	</row2>
																	<row3>	0.015310 0.000000 0.000000	</row3>
																</transform>
																<node>
																	<identifier>	biped L Finger42BlendBonehand	</identifier>
																	<transform>
																		<row0>	0.453344 0.181175 0.872728	</row0>
																		<row1>	-0.888914 0.019772 0.457647	</row1>
																		<row2>	0.065659 -0.983252 0.170013	</row2>
																		<row3>	1.084084 0.074068 -0.070222	</row3>
																	</transform>
																</node>
															</node>
															<node>
																<identifier>	biped L Finger41BlendBonehand	</identifier>
																<transform>
																	<row0>	0.274524 0.181175 0.944358	</row0>
																	<row1>	-0.961072 0.019772 0.275589	</row1>
																	<row2>	0.031258 -0.983252 0.179551	</row2>
																	<row3>	1.092286 0.074068 0.142449	</row3>
																</transform>
															</node>
														</node>
														<node>
															<identifier>	biped L Finger4BlendBonehand	</identifier>
															<transform>
																<row0>	-0.022282 0.181175 0.983198	</row0>
																<row1>	-0.999459 0.019772 -0.026293	</row1>
																<row2>	-0.024203 -0.983252 0.180637	</row2>
																<row3>	1.023022 0.074068 0.464440	</row3>
															</transform>
														</node>
													</node>
													<node>
														<identifier>	HP_hand_left_1	</identifier>
														<transform>
															<row0>	-1.000000 0.000000 -0.000001	</row0>
															<row1>	0.000000 -1.000000 0.000000	</row1>
															<row2>	-0.000001 0.000000 -1.000000	</row2>
															<row3>	0.069192 -0.002110 0.016251	</row3>
														</transform>
													</node>
													<node>
														<identifier>	biped weapon L	</identifier>
														<transform>
															<row0>	0.999691 -0.024796 -0.001768	</row0>
															<row1>	-0.024844 -0.999027 -0.036452	</row1>
															<row2>	-0.000862 0.036485 -0.999334	</row2>
															<row3>	0.018566 0.010992 0.089931	</row3>
														</transform>
														<node>
															<identifier>	HP_hand_left_item1	</identifier>
															<transform>
																<row0>	1.000000 -0.000000 -0.000000	</row0>
																<row1>	-0.000000 1.000000 0.000001	</row1>
																<row2>	-0.000000 0.000001 1.000000	</row2>
																<row3>	0.000000 0.000000 0.000000	</row3>
															</transform>
														</node>
														<node>
															<identifier>	HP_hand_left_item2	</identifier>
															<transform>
																<row0>	1.000000 -0.000000 -0.000000	</row0>
																<row1>	-0.000000 1.000000 0.000001	</row1>
																<row2>	-0.000000 0.000001 1.000000	</row2>
																<row3>	0.000000 0.000000 0.000000	</row3>
															</transform>
														</node>
														<node>
															<identifier>	HP_hand_left_itemEffect1	</identifier>
															<transform>
																<row0>	1.000000 -0.000000 -0.000000	</row0>
																<row1>	-0.000000 1.000000 0.000001	</row1>
																<row2>	-0.000000 0.000001 1.000000	</row2>
																<row3>	0.000000 0.000000 0.000000	</row3>
															</transform>
														</node>
													</node>
													<node>
														<identifier>	biped L HandBlendBonehand	</identifier>
														<transform>
															<row0>	-0.614169 -0.030680 0.788578	</row0>
															<row1>	-0.772621 -0.180211 -0.608753	</row1>
															<row2>	0.160787 -0.983149 0.086976	</row2>
															<row3>	0.589960 0.209672 0.982063	</row3>
														</transform>
													</node>
													<node>
														<identifier>	biped L HandBlendBonebody	</identifier>
														<transform>
															<row0>	-0.614169 -0.030680 0.788578	</row0>
															<row1>	-0.772621 -0.180211 -0.608753	</row1>
															<row2>	0.160787 -0.983149 0.086976	</row2>
															<row3>	0.589960 0.209672 0.982063	</row3>
														</transform>
													</node>
												</node>
												<node>
													<identifier>	HP_YT_left_item1	</identifier>
													<transform>
														<row0>	1.000000 -0.000000 -0.000000	</row0>
														<row1>	-0.000000 1.000000 0.000001	</row1>
														<row2>	-0.000000 0.000001 1.000000	</row2>
														<row3>	0.200543 -0.000000 -0.000000	</row3>
													</transform>
												</node>
												<node>
													<identifier>	HP_arm_left_item	</identifier>
													<transform>
														<row0>	0.758739 0.639193 -0.125494	</row0>
														<row1>	-0.587118 0.587610 -0.556782	</row1>
														<row2>	0.282155 -0.496138 -0.821118	</row2>
														<row3>	0.075034 0.012446 0.018262	</row3>
													</transform>
												</node>
												<node>
													<identifier>	biped L ForearmBlendBoneobjpolySurface240	</identifier>
													<transform>
														<row0>	-0.728389 -0.682497 -0.060403	</row0>
														<row1>	-0.644077 0.712113 -0.279391	</row1>
														<row2>	0.233697 -0.164601 -0.958276	</row2>
														<row3>	0.588675 -1.043319 0.302511	</row3>
													</transform>
												</node>
												<node>
													<identifier>	biped L ForearmBlendBonehand	</identifier>
													<transform>
														<row0>	-0.758739 -0.639193 0.125494	</row0>
														<row1>	-0.594004 0.599858 -0.536031	</row1>
														<row2>	0.267348 -0.481251 -0.834819	</row2>
														<row3>	0.534151 -0.901557 0.657544	</row3>
													</transform>
												</node>
												<node>
													<identifier>	biped L ForearmBlendBonebody	</identifier>
													<transform>
														<row0>	-0.758739 -0.639193 0.125494	</row0>
														<row1>	-0.594004 0.599858 -0.536031	</row1>
														<row2>	0.267348 -0.481251 -0.834819	</row2>
														<row3>	0.534151 -0.901557 0.657544	</row3>
													</transform>
												</node>
											</node>
											<node>
												<identifier>	shoulder_repair_L	</identifier>
												<transform>
													<row0>	-1.000000 0.000001 -0.000000	</row0>
													<row1>	0.000001 1.000000 -0.000002	</row1>
													<row2>	-0.000000 -0.000002 -1.000000	</row2>
													<row3>	0.000000 0.015000 0.000000	</row3>
												</transform>
												<node>
													<identifier>	shoulder_repair_LBlendBonebody	</identifier>
													<transform>
														<row0>	0.664116 -0.639194 -0.387791	</row0>
														<row1>	0.746094 0.599858 0.288988	</row1>
														<row2>	0.047900 -0.481250 0.875274	</row2>
														<row3>	-0.973008 -0.916557 -0.423855	</row3>
													</transform>
												</node>
											</node>
											<node>
												<identifier>	biped L ForeTwist	</identifier>
												<transform>
													<row0>	0.934267 -0.000000 -0.356575	</row0>
													<row1>	-0.047231 0.991189 -0.123750	</row1>
													<row2>	0.353433 0.132456 0.926035	</row2>
													<row3>	0.239504 0.000000 0.000000	</row3>
												</transform>
												<node>
													<identifier>	biped L ForeTwist1	</identifier>
													<transform>
														<row0>	1.000000 -0.000000 0.000000	</row0>
														<row1>	0.000000 0.991189 -0.132456	</row1>
														<row2>	-0.000000 0.132456 0.991189	</row2>
														<row3>	0.100272 0.000000 0.000000	</row3>
													</transform>
													<node>
														<identifier>	bone_software_L22	</identifier>
														<transform>
															<row0>	-0.036352 -0.117792 0.992373	</row0>
															<row1>	0.999339 -0.004034 0.036128	</row1>
															<row2>	-0.000252 0.993030 0.117861	</row2>
															<row3>	0.108658 -0.000601 0.021344	</row3>
														</transform>
														<node>
															<identifier>	bone_software_L23	</identifier>
															<transform>
																<row0>	0.999989 -0.000120 0.004640	</row0>
																<row1>	-0.000003 0.999645 0.026645	</row1>
																<row2>	-0.004641 -0.026645 0.999634	</row2>
																<row3>	0.197943 0.000005 0.000000	</row3>
															</transform>
															<node>
																<identifier>	bone_software_L24	</identifier>
																<transform>
																	<row0>	0.999918 0.012750 0.000943	</row0>
																	<row1>	-0.012749 0.999919 -0.000004	</row1>
																	<row2>	-0.000943 -0.000008 1.000000	</row2>
																	<row3>	0.198457 0.000006 0.000000	</row3>
																</transform>
																<node>
																	<identifier>	bone_software_L25	</identifier>
																	<transform>
																		<row0>	0.999975 0.003108 -0.006422	</row0>
																		<row1>	-0.003110 0.999995 -0.000285	</row1>
																		<row2>	0.006421 0.000305 0.999979	</row2>
																		<row3>	0.197661 -0.000000 0.000000	</row3>
																	</transform>
																	<node>
																		<identifier>	bone_software_L25BlendBoneobjpolySurface240	</identifier>
																		<transform>
																			<row0>	-0.002657 -0.746515 -0.665363	</row0>
																			<row1>	-0.310143 -0.631941 0.710255	</row1>
																			<row2>	-0.950686 0.208245 -0.229848	</row2>
																			<row3>	-0.255774 0.359351 -1.036510	</row3>
																		</transform>
																	</node>
																</node>
																<node>
																	<identifier>	bone_software_L24BlendBoneobjpolySurface240	</identifier>
																	<transform>
																		<row0>	-0.004608 -0.746723 -0.665120	</row0>
																		<row1>	-0.303610 -0.632685 0.712412	</row1>
																		<row2>	-0.952785 0.205220 -0.223797	</row2>
																		<row3>	-0.065879 0.358238 -1.034949	</row3>
																	</transform>
																</node>
															</node>
															<node>
																<identifier>	bone_software_L23BlendBoneobjpolySurface240	</identifier>
																<transform>
																	<row0>	0.005540 -0.746716 -0.665120	</row0>
																	<row1>	-0.296190 -0.636510 0.712128	</row1>
																	<row2>	-0.955113 0.193057 -0.224696	</row2>
																	<row3>	0.128991 0.357383 -1.035012	</row3>
																</transform>
															</node>
														</node>
														<node>
															<identifier>	bone_software_L22BlendBoneobjpolySurface240	</identifier>
															<transform>
																<row0>	0.008629 -0.728729 -0.684748	</row0>
																<row1>	-0.299490 -0.655223 0.693534	</row1>
																<row2>	-0.954060 0.199090 -0.223901	</row2>
																<row3>	0.331736 0.384823 -1.024512	</row3>
															</transform>
														</node>
													</node>
													<node>
														<identifier>	biped L ForeTwist1BlendBonehand	</identifier>
														<transform>
															<row0>	-0.758738 -0.649716 -0.046748	</row0>
															<row1>	-0.594004 0.719560 -0.359712	</row1>
															<row2>	0.267348 -0.245159 -0.931892	</row2>
															<row3>	0.433880 -1.042579 0.397741	</row3>
														</transform>
													</node>
													<node>
														<identifier>	biped L ForeTwist1BlendBonebody	</identifier>
														<transform>
															<row0>	-0.758738 -0.649716 -0.046748	</row0>
															<row1>	-0.594004 0.719560 -0.359712	</row1>
															<row2>	0.267348 -0.245159 -0.931892	</row2>
															<row3>	0.433880 -1.042579 0.397741	</row3>
														</transform>
													</node>
												</node>
												<node>
													<identifier>	biped L ForeTwistBlendBonebody	</identifier>
													<transform>
														<row0>	-0.758739 -0.650183 0.039723	</row0>
														<row1>	-0.594004 0.665574 -0.451853	</row1>
														<row2>	0.267348 -0.366434 -0.891208	</row2>
														<row3>	0.534151 -0.980709 0.532333	</row3>
													</transform>
												</node>
											</node>
											<node>
												<identifier>	biped L UpperArmBlendBonebody	</identifier>
												<transform>
													<row0>	-0.664116 -0.639193 0.387792	</row0>
													<row1>	-0.746093 0.599858 -0.288989	</row1>
													<row2>	-0.047901 -0.481251 -0.875273	</row2>
													<row3>	0.973007 -0.901557 0.423856	</row3>
												</transform>
											</node>
										</node>
										<node>
											<identifier>	HP_shoulder_left	</identifier>
											<transform>
												<row0>	1.000000 -0.000001 -0.000002	</row0>
												<row1>	-0.000002 1.000000 -0.000001	</row1>
												<row2>	-0.000003 -0.000001 -1.000000	</row2>
												<row3>	0.000000 0.000000 -0.000000	</row3>
											</transform>
										</node>
										<node>
											<identifier>	HP_shoulder_left_item	</identifier>
											<transform>
												<row0>	1.000000 -0.000001 -0.000002	</row0>
												<row1>	-0.000002 1.000000 -0.000001	</row1>
												<row2>	-0.000003 -0.000001 -1.000000	</row2>
												<row3>	0.000000 0.000000 -0.000000	</row3>
											</transform>
										</node>
										<node>
											<identifier>	biped L ClavicleBlendBonebody	</identifier>
											<transform>
												<row0>	-0.946796 -0.321833 0.000001	</row0>
												<row1>	-0.314139 0.924162 -0.217352	</row1>
												<row2>	0.069950 -0.205789 -0.976093	</row2>
												<row3>	0.415671 -1.317638 0.286068	</row3>
											</transform>
										</node>
									</node>
									<node>
										<identifier>	biped R Clavicle	</identifier>
										<transform>
											<row0>	-0.291759 -0.946796 0.135847	</row0>
											<row1>	-0.858320 0.321834 0.399637	</row1>
											<row2>	-0.422094 -0.000003 -0.906552	</row2>
											<row3>	-0.024065 -0.030504 0.006563	</row3>
										</transform>
										<node>
											<identifier>	biped R UpperArm	</identifier>
											<transform>
												<row0>	0.859810 0.465919 0.208920	</row0>
												<row1>	-0.383083 0.859116 -0.339364	</row1>
												<row2>	-0.337603 0.211755 0.917161	</row2>
												<row3>	0.067536 0.000000 0.000000	</row3>
											</transform>
											<node>
												<identifier>	biped R Forearm	</identifier>
												<transform>
													<row0>	0.934267 0.000000 -0.356575	</row0>
													<row1>	-0.000000 1.000000 -0.000000	</row1>
													<row2>	0.356575 0.000000 0.934267	</row2>
													<row3>	0.239504 0.000000 0.000000	</row3>
												</transform>
												<node>
													<identifier>	biped R Hand	</identifier>
													<transform>
														<row0>	0.967920 0.148270 0.202847	</row0>
														<row1>	0.132520 0.384651 -0.913500	</row1>
														<row2>	-0.213470 0.911076 0.352663	</row2>
														<row3>	0.200543 0.000000 0.000000	</row3>
													</transform>
													<node>
														<identifier>	biped R Finger0	</identifier>
														<transform>
															<row0>	0.885145 0.336244 0.321647	</row0>
															<row1>	-0.347634 0.018376 0.937450	</row1>
															<row2>	0.309302 -0.941595 0.133156	</row2>
															<row3>	0.017382 0.025010 0.010529	</row3>
														</transform>
														<node>
															<identifier>	biped R Finger01	</identifier>
															<transform>
																<row0>	0.968747 0.000000 0.248052	</row0>
																<row1>	0.000000 1.000000 -0.000000	</row1>
																<row2>	-0.248052 0.000000 0.968747	</row2>
																<row3>	0.031597 -0.000000 0.000000	</row3>
															</transform>
															<node>
																<identifier>	biped R Finger02	</identifier>
																<transform>
																	<row0>	0.974918 0.000000 0.222562	</row0>
																	<row1>	0.000000 1.000000 0.000000	</row1>
																	<row2>	-0.222563 -0.000000 0.974919	</row2>
																	<row3>	0.024195 0.000000 -0.000000	</row3>
																</transform>
																<node>
																	<identifier>	biped R Finger02BlendBonehand	</identifier>
																	<transform>
																		<row0>	0.300772 -0.953323 -0.026690	</row0>
																		<row1>	-0.952385 -0.298774 -0.060796	</row1>
																		<row2>	0.049984 0.043705 -0.997793	</row2>
																		<row3>	0.847977 0.707404 0.150177	</row3>
																	</transform>
																</node>
															</node>
															<node>
																<identifier>	biped R Finger01BlendBonehand	</identifier>
																<transform>
																	<row0>	0.299168 -0.953323 0.040920	</row0>
																	<row1>	-0.914967 -0.298774 -0.271236	</row1>
																	<row2>	0.270802 0.043705 -0.961643	</row2>
																	<row3>	0.817479 0.707404 0.335138	</row3>
																</transform>
															</node>
														</node>
														<node>
															<identifier>	biped R Finger0BlendBonehand	</identifier>
															<transform>
																<row0>	0.279668 -0.953323 0.113850	</row0>
																<row1>	-0.819091 -0.298774 -0.489718	</row1>
																<row2>	0.500875 0.043705 -0.864415	</row2>
																<row3>	0.740396 0.707404 0.527441	</row3>
															</transform>
														</node>
													</node>
													<node>
														<identifier>	biped R Finger1	</identifier>
														<transform>
															<row0>	0.982109 0.058029 0.179147	</row0>
															<row1>	-0.081764 0.988387 0.128084	</row1>
															<row2>	-0.169634 -0.140440 0.975449	</row2>
															<row3>	0.076720 0.023320 -0.003928	</row3>
														</transform>
														<node>
															<identifier>	biped R Finger11	</identifier>
															<transform>
																<row0>	0.999414 0.000000 0.034216	</row0>
																<row1>	-0.000000 1.000000 -0.000000	</row1>
																<row2>	-0.034216 0.000000 0.999414	</row2>
																<row3>	0.027386 0.000000 0.000000	</row3>
															</transform>
															<node>
																<identifier>	biped R Finger12	</identifier>
																<transform>
																	<row0>	0.999642 -0.000000 0.026757	</row0>
																	<row1>	0.000000 1.000000 0.000000	</row1>
																	<row2>	-0.026757 -0.000000 0.999642	</row2>
																	<row3>	0.018402 -0.000000 0.000000	</row3>
																</transform>
																<node>
																	<identifier>	biped R Finger12BlendBonehand	</identifier>
																	<transform>
																		<row0>	0.406307 -0.181547 -0.895519	</row0>
																		<row1>	-0.885548 0.163320 -0.434893	</row1>
																		<row2>	0.225209 0.969725 -0.094411	</row2>
																		<row3>	0.675508 -0.145962 0.867256	</row3>
																	</transform>
																</node>
															</node>
															<node>
																<identifier>	biped R Finger11BlendBonehand	</identifier>
																<transform>
																	<row0>	0.430123 -0.181547 -0.884327	</row0>
																	<row1>	-0.873595 0.163320 -0.458431	</row1>
																	<row2>	0.227655 0.969725 -0.088351	</row2>
																	<row3>	0.670464 -0.145962 0.885020	</row3>
																</transform>
															</node>
														</node>
														<node>
															<identifier>	biped R Finger1BlendBonehand	</identifier>
															<transform>
																<row0>	0.460129 -0.181547 -0.869093	</row0>
																<row1>	-0.857398 0.163320 -0.488053	</row1>
																<row2>	0.230544 0.969725 -0.080510	</row2>
																<row3>	0.667176 -0.145962 0.907442	</row3>
															</transform>
														</node>
													</node>
													<node>
														<identifier>	biped R Finger2	</identifier>
														<transform>
															<row0>	0.941397 -0.018439 0.336797	</row0>
															<row1>	0.022408 0.999718 -0.007902	</row1>
															<row2>	-0.336557 0.014986 0.941544	</row2>
															<row3>	0.076066 0.005543 -0.003245	</row3>
														</transform>
														<node>
															<identifier>	biped R Finger21	</identifier>
															<transform>
																<row0>	0.985649 -0.000000 0.168809	</row0>
																<row1>	0.000000 1.000000 -0.000000	</row1>
																<row2>	-0.168809 0.000000 0.985649	</row2>
																<row3>	0.033778 0.000000 0.000000	</row3>
															</transform>
															<node>
																<identifier>	biped R Finger22	</identifier>
																<transform>
																	<row0>	0.998655 0.000000 0.051851	</row0>
																	<row1>	0.000000 1.000000 0.000000	</row1>
																	<row2>	-0.051851 0.000000 0.998655	</row2>
																	<row3>	0.022132 0.000000 0.000000	</row3>
																</transform>
																<node>
																	<identifier>	biped R Finger22BlendBonehand	</identifier>
																	<transform>
																		<row0>	0.096875 -0.010680 -0.995239	</row0>
																		<row1>	-0.981033 0.167658 -0.097291	</row1>
																		<row2>	0.167898 0.985787 0.005765	</row2>
																		<row3>	0.909620 -0.211425 0.561684	</row3>
																	</transform>
																</node>
															</node>
															<node>
																<identifier>	biped R Finger21BlendBonehand	</identifier>
																<transform>
																	<row0>	0.148348 -0.010680 -0.988877	</row0>
																	<row1>	-0.974668 0.167658 -0.148028	</row1>
																	<row2>	0.167374 0.985787 0.014463	</row2>
																	<row3>	0.901405 -0.211425 0.608093	</row3>
																</transform>
															</node>
														</node>
														<node>
															<identifier>	biped R Finger2BlendBonehand	</identifier>
															<transform>
																<row0>	0.313151 -0.010680 -0.949643	</row0>
																<row1>	-0.935692 0.167658 -0.310436	</row1>
																<row2>	0.162530 0.985787 0.042509	</row2>
																<row3>	0.819596 -0.211425 0.751532	</row3>
															</transform>
														</node>
													</node>
													<node>
														<identifier>	biped R Finger3	</identifier>
														<transform>
															<row0>	0.837767 -0.117578 0.533218	</row0>
															<row1>	0.171211 0.983858 -0.052052	</row1>
															<row2>	-0.518490 0.134900 0.844375	</row2>
															<row3>	0.073862 -0.009906 -0.003262	</row3>
														</transform>
														<node>
															<identifier>	biped R Finger31	</identifier>
															<transform>
																<row0>	0.975307 0.000000 0.220855	</row0>
																<row1>	-0.000000 1.000000 0.000000	</row1>
																<row2>	-0.220855 -0.000000 0.975307	</row2>
																<row3>	0.030488 0.000000 -0.000000	</row3>
															</transform>
															<node>
																<identifier>	biped R Finger32	</identifier>
																<transform>
																	<row0>	0.992997 0.000000 0.118139	</row0>
																	<row1>	-0.000000 1.000000 0.000000	</row1>
																	<row2>	-0.118139 -0.000000 0.992997	</row2>
																	<row3>	0.019670 -0.000000 0.000000	</row3>
																</transform>
																<node>
																	<identifier>	biped R Finger32BlendBonehand	</identifier>
																	<transform>
																		<row0>	-0.238633 0.116012 -0.964155	</row0>
																		<row1>	-0.965658 0.076708 0.248235	</row1>
																		<row2>	0.102756 0.990281 0.093724	</row2>
																		<row3>	1.056244 -0.159467 0.190743	</row3>
																	</transform>
																</node>
															</node>
															<node>
																<identifier>	biped R Finger31BlendBonehand	</identifier>
																<transform>
																	<row0>	-0.123057 0.116012 -0.985595	</row0>
																	<row1>	-0.988222 0.076708 0.132415	</row1>
																	<row2>	0.090964 0.990281 0.105207	</row2>
																	<row3>	1.045983 -0.159467 0.314191	</row3>
																</transform>
															</node>
														</node>
														<node>
															<identifier>	biped R Finger3BlendBonehand	</identifier>
															<transform>
																<row0>	0.097655 0.116012 -0.988435	</row0>
																<row1>	-0.993064 0.076708 -0.089109	</row1>
																<row2>	0.065482 0.990281 0.122699	</row2>
																<row3>	0.981251 -0.159467 0.537443	</row3>
															</transform>
														</node>
													</node>
													<node>
														<identifier>	biped R Finger4	</identifier>
														<transform>
															<row0>	0.781996 -0.204593 0.588748	</row0>
															<row1>	0.284643 0.957562 -0.045315	</row1>
															<row2>	-0.554491 0.203019 0.807046	</row2>
															<row3>	0.068573 -0.023734 0.001581	</row3>
														</transform>
														<node>
															<identifier>	biped R Finger41	</identifier>
															<transform>
																<row0>	0.953679 -0.000000 0.300827	</row0>
